['ait', [(0, 1), (1, 0), (2, 0)]]
['ago', [(0, 1), (0, 2), (1, 1)]]
['alb', [(0, 1), (1, 2), (0, 3)]]
['gal', [(0, 2), (0, 1), (1, 2)]]
['goa', [(0, 2), (1, 1), (0, 1)]]
['goy', [(0, 2), (1, 1), (2, 1)]]
['got', [(0, 2), (1, 1), (2, 0)]]
['gob', [(0, 2), (1, 1), (2, 2)]]
['oye', [(1, 1), (2, 1), (3, 1)]]
['obe', [(1, 1), (2, 2), (3, 1)]]
['loy', [(1, 2), (1, 1), (2, 1)]]
['log', [(1, 2), (1, 1), (0, 2)]]
['lot', [(1, 2), (1, 1), (2, 0)]]
['lob', [(1, 2), (1, 1), (2, 2)]]
['lag', [(1, 2), (0, 1), (0, 2)]]
['lye', [(1, 2), (2, 1), (3, 1)]]
['tye', [(3, 0), (2, 1), (3, 1)]]
['tye', [(3, 0), (2, 1), (3, 1)]]
['toy', [(2, 0), (1, 1), (2, 1)]]
['tog', [(2, 0), (1, 1), (0, 2)]]
['tec', [(3, 0), (3, 1), (3, 2)]]
['tec', [(3, 0), (3, 1), (3, 2)]]
['tet', [(3, 0), (3, 1), (2, 0)]]
['tet', [(3, 0), (3, 1), (2, 0)]]
['yob', [(2, 1), (1, 1), (2, 2)]]
['yet', [(2, 1), (3, 1), (2, 0)]]
['bye', [(2, 2), (2, 1), (3, 1)]]
['boa', [(2, 2), (1, 1), (0, 1)]]
['boy', [(2, 2), (1, 1), (2, 1)]]
['boi', [(2, 2), (1, 1), (0, 0)]]
['bog', [(2, 2), (1, 1), (0, 2)]]
['bot', [(2, 2), (1, 1), (2, 0)]]
['bey', [(2, 2), (3, 1), (2, 1)]]
['bet', [(2, 2), (3, 1), (2, 0)]]
['agly', [(0, 1), (0, 2), (1, 2), (2, 1)]]
['glob', [(0, 2), (1, 2), (1, 1), (2, 2)]]
['gaol', [(0, 2), (0, 1), (1, 1), (1, 2)]]
['gait', [(0, 2), (0, 1), (1, 0), (2, 0)]]
['goal', [(0, 2), (1, 1), (0, 1), (1, 2)]]
['goby', [(0, 2), (1, 1), (2, 2), (2, 1)]]
['blog', [(2, 2), (1, 2), (1, 1), (0, 2)]]
['blog', [(2, 2), (1, 2), (1, 1), (0, 2)]]
['blot', [(2, 2), (1, 2), (1, 1), (2, 0)]]
['blot', [(2, 2), (1, 2), (1, 1), (2, 0)]]
['blag', [(2, 2), (1, 2), (0, 1), (0, 2)]]
['blag', [(2, 2), (1, 2), (0, 1), (0, 2)]]
['obey', [(1, 1), (2, 2), (3, 1), (2, 1)]]
['loti', [(1, 2), (1, 1), (2, 0), (1, 0)]]
['lote', [(1, 2), (1, 1), (2, 0), (3, 1)]]
['lobe', [(1, 2), (1, 1), (2, 2), (3, 1)]]
['lyte', [(1, 2), (2, 1), (3, 0), (3, 1)]]
['tyte', [(3, 0), (2, 1), (2, 0), (3, 1)]]
['tola', [(2, 0), (1, 1), (1, 2), (0, 1)]]
['toga', [(2, 0), (1, 1), (0, 2), (0, 1)]]
['toby', [(2, 0), (1, 1), (2, 2), (2, 1)]]
['yoga', [(2, 1), (1, 1), (0, 2), (0, 1)]]
['yeti', [(2, 1), (3, 1), (2, 0), (1, 0)]]
['yett', [(2, 1), (3, 1), (2, 0), (3, 0)]]
['yebo', [(2, 1), (3, 1), (2, 2), (1, 1)]]
['ybet', [(2, 1), (2, 2), (3, 1), (2, 0)]]
['yite', [(2, 1), (1, 0), (2, 0), (3, 1)]]
['byte', [(2, 2), (2, 1), (3, 0), (3, 1)]]
['bola', [(2, 2), (1, 1), (1, 2), (0, 1)]]
['bott', [(2, 2), (1, 1), (2, 0), (3, 0)]]
['eyot', [(3, 1), (2, 1), (1, 1), (2, 0)]]
['cyte', [(3, 2), (2, 1), (3, 0), (3, 1)]]
['globy', [(0, 2), (1, 2), (1, 1), (2, 2), (2, 1)]]
['globe', [(0, 2), (1, 2), (1, 1), (2, 2), (3, 1)]]
['gaitt', [(0, 2), (0, 1), (1, 0), (2, 0), (3, 0)]]
['lotte', [(1, 2), (1, 1), (2, 0), (3, 0), (3, 1)]]
['laity', [(1, 2), (0, 1), (1, 0), (2, 0), (2, 1)]]
['ngaio', [(1, 3), (0, 2), (0, 1), (1, 0), (1, 1)]]
['boyla', [(2, 2), (1, 1), (2, 1), (1, 2), (0, 1)]]
['botty', [(2, 2), (1, 1), (2, 0), (3, 0), (2, 1)]]
['botte', [(2, 2), (1, 1), (2, 0), (3, 0), (3, 1)]]
['betty', [(2, 2), (3, 1), (2, 0), (3, 0), (2, 1)]]
['cetyl', [(3, 2), (3, 1), (2, 0), (2, 1), (1, 2)]]